id,Status_C,Status_CL,Status_D
7905,0.4634593726739175,0.009505335287663116,0.5270352920384193
7906,0.5548502680601638,0.18587037441322984,0.25927935752660636
7907,0.03127224327776349,0.014691356617996145,0.9540364001042403
7908,0.9500000349781542,0.006894122111024412,0.043105842910821375
7909,0.8335247814940858,0.04051678096907541,0.1259584375368389
7910,0.9691436111767814,0.005661163951407211,0.02519522487181141
7911,0.9628218206673349,0.0059058384949299755,0.03127234083773515
7912,0.17548494786605895,0.014311871755684238,0.8102031803782568
7913,0.020837533090096453,0.009340874865587323,0.9698215920443163
7914,0.6892772987712901,0.01678014986911932,0.2939425513595906
7915,0.7838753650876312,0.01700256746502671,0.1991220674473421
7916,0.6630458052977359,0.006520889029231812,0.3304333056730323
7917,0.44735772852961286,0.14966583723797536,0.40297643423241186
7918,0.9087610877105354,0.01362735361616036,0.07761155867330405
7919,0.6011844402710785,0.08255133077754732,0.31626422895137407
7920,0.9305619425030434,0.011955235017844686,0.057482822479112135
7921,0.9086875225609854,0.009149697253047585,0.08216278018596702
7922,0.05054701035793981,0.009255649350349514,0.9401973402917106
7923,0.7946331329672485,0.015286239540462437,0.19008062749228924
7924,0.580504959172043,0.17679824596418348,0.24269679486377352
7925,0.023251343124729058,0.009319605973557247,0.9674290509017136
7926,0.7872338048296824,0.0147941334096922,0.1979720617606254
7927,0.8246029786937142,0.01014754912973804,0.16524947217654773
7928,0.04031555088174598,0.014282196239024762,0.9454022528792292
7929,0.8588550377740128,0.033596316553104154,0.10754864567288303
7930,0.06098566223688149,0.14317733062048557,0.795837007142633
7931,0.8699200698202717,0.01117174382616589,0.11890818635356243
7932,0.11985798801336361,0.02172329550032529,0.8584187164863112
7933,0.6472421124082329,0.018697476821724332,0.3340604107700428
7934,0.9636803428224738,0.006065821379028943,0.030253835798497178
7935,0.9121975147594837,0.010484336243546409,0.07731814899696984
7936,0.9450339570840461,0.007758153124358632,0.04720788979159536
7937,0.3359845882231241,0.02909594423198788,0.634919467544888
7938,0.9468394130197431,0.007667249924584517,0.04549333705567244
7939,0.3277065792645908,0.02525096212670703,0.6470424586087021
7940,0.7587635202966552,0.10407295130197129,0.13716352840137352
7941,0.12683064145204953,0.11248409529407337,0.7606852632538771
7942,0.9284697708962272,0.0071366014317491575,0.06439362767202354
7943,0.04151785437420619,0.014859306856990636,0.9436228387688032
7944,0.9596733043177499,0.006644183040454047,0.033682512641795885
7945,0.9381128829417583,0.007090345051925469,0.054796772006316136
7946,0.7682418538187843,0.01622282042637571,0.21553532575483997
7947,0.8760578683348573,0.01066373812516473,0.11327839353997794
7948,0.14122019105839573,0.012176452127842751,0.8466033568137615
7949,0.06844157266171079,0.1134039779377474,0.8181544494005418
7950,0.9649892000059228,0.005342255259569962,0.029668544734507255
7951,0.4289127804279576,0.1744525023428296,0.39663471722921284
7952,0.24178862188082248,0.14058478563113228,0.6176265924880452
7953,0.021222775340070735,0.008924178045515279,0.969853046614414
7954,0.9010719424599928,0.013383196927434502,0.08554486061257251
7955,0.3079493790559263,0.014862387132351799,0.677188233811722
7956,0.027646808007290063,0.024794532071142805,0.9475586599215672
7957,0.9275447356807063,0.0077765085137450505,0.06467875580554865
7958,0.020946124003572597,0.008971086838070961,0.9700827891583564
7959,0.3892906869900963,0.05268955269122586,0.5580197603186778
7960,0.14590779530210235,0.02364446886070684,0.8304477358371909
7961,0.9106472550455762,0.010847274757616368,0.0785054701968075
7962,0.1722905743702197,0.010182256403101742,0.8175271692266787
7963,0.13690508268833063,0.03318942167303294,0.8299054956386365
7964,0.02106070292290394,0.009065863045130783,0.9698734340319652
7965,0.9671250314800144,0.005360399964541932,0.027514568555443767
7966,0.36019345478655174,0.013930667425732861,0.6258758777877154
7967,0.9037199981830737,0.014012431533601195,0.08226757028332506
7968,0.9207740283740362,0.010043045831799815,0.06918292579416394
7969,0.3900694292506807,0.011929979824915206,0.598000590924404
7970,0.9295625309284438,0.008939147726640055,0.0614983213449161
7971,0.9545460121183948,0.0067322383670352535,0.03872174951456991
7972,0.5501642389941219,0.14090607414705528,0.30892968685882277
7973,0.9228379321681186,0.009425003330752081,0.06773706450112922
7974,0.14121705734561507,0.08938538868362582,0.7693975539707592
7975,0.9469152067707469,0.008890002160673816,0.04419479106857923
7976,0.8977401321848018,0.006510216257634028,0.09574965155756425
7977,0.952803390320429,0.006647605991695818,0.04054900368787528
7978,0.02613364789113621,0.0116926225463029,0.962173729562561
7979,0.45414624682206123,0.016222740109036217,0.5296310130689026
7980,0.8950232716756029,0.011677300600226093,0.09329942772417095
7981,0.8938611006233366,0.014907174174971212,0.09123172520169218
7982,0.8726110972328363,0.016072486625737105,0.1113164161414266
7983,0.811272361324558,0.025385012063892896,0.16334262661154894
7984,0.06152826229497602,0.013945782445718091,0.9245259552593058
7985,0.49597699441597176,0.02062779539645122,0.483395210187577
7986,0.07858966156957983,0.021104061574584138,0.900306276855836
7987,0.45983162836308256,0.009372509211766971,0.5307958624251505
7988,0.7232141033343321,0.01845220850556844,0.2583336881600994
7989,0.9272419391175649,0.008328586145659731,0.06442947473677543
7990,0.4268748820575089,0.0291997871137533,0.5439253308287378
7991,0.029143626451489216,0.011431135736064059,0.9594252378124468
7992,0.9625785083496748,0.005973840634642959,0.031447651015682136
7993,0.7921547906102635,0.02246189520480756,0.18538331418492893
7994,0.952138441832165,0.00870612116031357,0.03915543700752141
7995,0.7882778428509896,0.01349767693072026,0.19822448021829014
7996,0.042323921173950986,0.024380869057514225,0.9332952097685348
7997,0.8768644191851364,0.013010636857677178,0.1101249439571864
7998,0.019985179750944673,0.008717293711404879,0.9712975265376504
7999,0.020090037368602525,0.008750124868208949,0.9711598377631885
8000,0.7449356686200683,0.07426815379332977,0.18079617758660177
8001,0.8448117649224379,0.01653389408797122,0.13865434098959084
8002,0.4120264040545689,0.2358619179157406,0.3521116780296904
8003,0.8486373733241648,0.04073929344986545,0.11062333322596983
8004,0.3382128424155371,0.012028584696017003,0.6497585728884459
8005,0.8004897614081644,0.024711258763157128,0.17479897982867837
8006,0.8887626362412673,0.019404035436013642,0.09183332832271908
8007,0.7233103978433386,0.014756248458839945,0.2619333536978215
8008,0.9655689346371398,0.005488490690780094,0.028942574672080165
8009,0.8350451222618206,0.014420790360594416,0.15053408737758486
8010,0.9582524062352495,0.006511664810390152,0.03523592895436027
8011,0.8273098843421383,0.026749779103965605,0.14594033655389604
8012,0.7467278729328082,0.015586640274741855,0.23768548679244983
8013,0.07395947438179515,0.023008364202815677,0.9030321614153892
8014,0.9234243691790583,0.012773494916686697,0.06380213590425497
8015,0.9457382362204637,0.007202473716506589,0.0470592900630296
8016,0.9681856684554301,0.005345694725729975,0.026468636818840083
8017,0.5305548788802631,0.009854434575776193,0.4595906865439606
8018,0.7031296593399955,0.021263003308929232,0.27560733735107523
8019,0.9621246557396924,0.0058484223064957,0.03202692195381183
8020,0.7256283124169431,0.02270655971409153,0.2516651278689653
8021,0.05203240201265775,0.015989322350748215,0.9319782756365941
8022,0.058079248891491686,0.03429874602946312,0.9076220050790452
8023,0.6755065857926047,0.053082318711497094,0.2714110954958982
8024,0.8362865404123195,0.013884250675972671,0.14982920891170787
8025,0.12983598884204497,0.018447121829767047,0.851716889328188
8026,0.9684701765886797,0.005101941635310377,0.02642788177600992
8027,0.9616392484355785,0.0061264420209849,0.03223430954343662
8028,0.04732140787260374,0.017035203532008665,0.9356433885953875
8029,0.06754470343740096,0.02383520953519459,0.9086200870274045
8030,0.941371088694838,0.008683073594215216,0.04994583771094689
8031,0.8680832722438665,0.06757824063812508,0.06433848711800857
8032,0.9438200794208582,0.00803504527597527,0.04814487530316667
8033,0.0868911714301665,0.143250414976677,0.7698584135931567
8034,0.5049926712161832,0.022391851492563664,0.4726154772912531
8035,0.9498458869751354,0.007410161261619888,0.04274395176324487
8036,0.30861418812458435,0.6535189783327937,0.03786683354262181
8037,0.43086927417176646,0.06867217170123689,0.5004585541269967
8038,0.6752909625617401,0.010636869858055944,0.3140721675802038
8039,0.14007640579714262,0.23324114509676824,0.6266824491060892
8040,0.46022499347070545,0.0880755272708397,0.4516994792584549
8041,0.2694308417980991,0.021154631322251306,0.7094145268796496
8042,0.043839350608102325,0.009475020981142805,0.9466856284107548
8043,0.939831912267558,0.0072161430047940345,0.052951944727647964
8044,0.034473626923172476,0.009930258844197869,0.9555961142326298
8045,0.1618970309673512,0.1602093039688578,0.6778936650637909
8046,0.8588910683399272,0.010778818860809143,0.1303301127992636
8047,0.9152751625693145,0.008630561593155756,0.0760942758375297
8048,0.9167973985768748,0.009563661361146955,0.07363894006197819
8049,0.4189576239471094,0.19817591413760163,0.382866461915289
8050,0.4563561564517836,0.012736139103673662,0.5309077044445427
8051,0.02597332599118399,0.011014459536464615,0.9630122144723513
8052,0.9651190643286728,0.008013211431821475,0.02686772423950577
8053,0.0395649535006125,0.020394858196216583,0.9400401883031709
8054,0.7802539885752264,0.012039817856090039,0.20770619356868347
8055,0.5484174150879874,0.05254194146613074,0.3990406434458818
8056,0.9265677875468685,0.013344711148529144,0.060087501304602296
8057,0.9185064510522764,0.008220863310632338,0.07327268563709145
8058,0.8162724997629417,0.03337530552812672,0.1503521947089317
8059,0.7560962747726272,0.012637874258288202,0.23126585096908445
8060,0.08655217717398621,0.13540768174335446,0.7780401410826593
8061,0.274456105747435,0.07332980563787837,0.6522140886146865
8062,0.037546485763735885,0.009277033610810411,0.9531764806254538
8063,0.9640730566614444,0.006329700588985591,0.02959724274957023
8064,0.021093800142835302,0.019739175204301337,0.9591670246528634
8065,0.8080702611148937,0.009250736360421629,0.1826790025246846
8066,0.9548183587517463,0.007563475275698035,0.03761816597255583
8067,0.1182133572863771,0.017553686724403047,0.8642329559892199
8068,0.7858040676110818,0.023298606757904808,0.19089732563101341
8069,0.8522793551923201,0.012303256799577294,0.13541738800810252
8070,0.9597151174722948,0.00631365318471748,0.03397122934298776
8071,0.7732587428489748,0.014084825071603666,0.21265643207942173
8072,0.9399195533527103,0.0075659484240174395,0.05251449822327216
8073,0.9643917784889284,0.005619925900999174,0.029988295610072428
8074,0.8871522926407959,0.011588581531142325,0.10125912582806179
8075,0.9640148288683711,0.006588314500597529,0.02939685663103145
8076,0.9536247191308794,0.006548559621223894,0.039826721247896595
8077,0.04751801164743901,0.10570863906114843,0.8467733492914125
8078,0.1681471964028379,0.023909404353742565,0.8079433992434195
8079,0.8773078475522005,0.01358760680172817,0.10910454564607126
8080,0.9527452621559216,0.008223848670543725,0.03903088917353482
8081,0.9318491058521811,0.00911591828959378,0.05903497585822503
8082,0.827800678376882,0.025243570946600548,0.14695575067651756
8083,0.2504559320784819,0.12426217830278208,0.6252818896187361
8084,0.021096688775044847,0.00890644568436722,0.9699968655405878
8085,0.9519090104047262,0.007407645922662134,0.04068334367261158
8086,0.020909141526203337,0.00865195213135681,0.9704389063424399
8087,0.6895479294341147,0.012603430406860745,0.2978486401590247
8088,0.15767182636407276,0.009563395253098373,0.8327647783828288
8089,0.034401144399913715,0.010384115506373314,0.955214740093713
8090,0.022147889273545173,0.009826448567524522,0.9680256621589303
8091,0.9578444668519834,0.006682899487040769,0.03547263366097586
8092,0.020566858446697853,0.010971107995989672,0.9684620335573124
8093,0.9135586484995734,0.021258981173705966,0.06518237032672082
8094,0.08894381984277341,0.02958811301836503,0.8814680671388615
8095,0.5466979145740883,0.09609109634134529,0.3572109890845665
8096,0.4052430780931421,0.00954564762047273,0.5852112742863851
8097,0.20781522990600862,0.02296387682380887,0.7692208932701825
8098,0.8825355452723649,0.02166519453502372,0.09579926019261124
8099,0.7395869912993911,0.014409677013199689,0.24600333168740932
8100,0.024710516196116104,0.009501873903753105,0.9657876099001309
8101,0.48749177767214485,0.014300062155669995,0.498208160172185
8102,0.7450771505441389,0.035894457991041996,0.219028391464819
8103,0.4834030542680451,0.09864775104739143,0.41794919468456354
8104,0.5727913170876491,0.10064620851466688,0.326562474397684
8105,0.021482295858289154,0.008756135642366979,0.9697615684993438
8106,0.9648484374857239,0.005422057587978547,0.029729504926297626
8107,0.022765562633573284,0.011322666074036198,0.9659117712923905
8108,0.9316680132217176,0.008847714465393747,0.05948427231288867
8109,0.717279307371115,0.008475549752518957,0.2742451428763659
8110,0.9678940272199208,0.005798460371217222,0.026307512408862026
8111,0.6126615332291343,0.1355648075132264,0.2517736592576393
8112,0.7501640293429473,0.012445894798976608,0.23739007585807606
8113,0.022088209907642906,0.010281391031533641,0.9676303990608235
8114,0.03420397040990934,0.01440329894652074,0.9513927306435699
8115,0.941048531559813,0.00848009697403196,0.05047137146615497
8116,0.7796887162205183,0.04595703543154667,0.17435424834793503
8117,0.06435400104243671,0.020314486288610385,0.915331512668953
8118,0.5929682103434679,0.09737542949440578,0.30965636016212633
8119,0.6440872809221444,0.04139372792039821,0.3145189911574574
8120,0.9602322073467607,0.007605394881145838,0.03216239777209354
8121,0.43301871334148784,0.14676704150972478,0.4202142451487873
8122,0.9555095387806744,0.006925134151880328,0.037565327067445344
8123,0.9667808712245046,0.005323159935007968,0.027895968840487458
8124,0.3071066898659037,0.19187365207499357,0.5010196580591026
8125,0.7192863201965551,0.013425891044802643,0.2672877887586422
8126,0.9165965720538232,0.01056694941628438,0.07283647852989264
8127,0.23702672639267722,0.014804670166336445,0.7481686034409862
8128,0.5455999940641452,0.03222836759572509,0.4221716383401299
8129,0.9629612752397244,0.007997128582527848,0.02904159617774769
8130,0.5378435529152137,0.020811942527469627,0.4413445045573168
8131,0.02813274264628988,0.011554746725243639,0.9603125106284665
8132,0.8514617467998418,0.05631967127194368,0.09221858192821443
8133,0.9450405367405524,0.010256692862935771,0.04470277039651174
8134,0.6673093122051184,0.08348048149536219,0.2492102062995195
8135,0.021886751531904954,0.009636130981075398,0.9684771174870197
8136,0.028973940681887755,0.014933857470920962,0.9560922018471913
8137,0.22583113891243858,0.0078014254511436475,0.7663674356364178
8138,0.20226434834727453,0.030453371571906085,0.7672822800808194
8139,0.05961278741693637,0.01094269757079157,0.9294445150122721
8140,0.8472068300980314,0.022668566243916163,0.13012460365805228
8141,0.9592753964548134,0.006204825773008745,0.03451977777217786
8142,0.8902515831941602,0.07318643190314031,0.03656198490269946
8143,0.9054469857210365,0.059099265121551434,0.03545374915741203
8144,0.21231889372091053,0.040268817167401376,0.7474122891116881
8145,0.9202158784953708,0.009773760997864176,0.07001036050676508
8146,0.9030894083615658,0.014891522356728276,0.08201906928170591
8147,0.551933383306875,0.025396863321910157,0.4226697533712148
8148,0.9168890014401451,0.009230423409788881,0.07388057515006616
8149,0.917018916346484,0.020748617190333794,0.06223246646318213
8150,0.9569587129314076,0.010148364592697185,0.032892922475895335
8151,0.09012435370520124,0.0118814477848,0.8979941985099987
8152,0.9473816470271992,0.00796431159937195,0.04465404137342885
8153,0.8002154301281619,0.01875693758317665,0.18102763228866148
8154,0.9503572444058571,0.011064941645796163,0.038577813948346626
8155,0.18421645404286421,0.016162502462102244,0.7996210434950335
8156,0.9676289424879487,0.006233074130710414,0.02613798338134068
8157,0.7314052256948529,0.012541517245126735,0.2560532570600205
8158,0.9648008341499374,0.006393348818764316,0.028805817031298205
8159,0.4182052886909114,0.05859630218338073,0.5231984091257079
8160,0.6451498177788142,0.03424562012511997,0.3206045620960658
8161,0.9367332269780674,0.01251016870212872,0.050756604319803875
8162,0.11352443153527579,0.5903740558317628,0.29610151263296136
8163,0.2080804398162485,0.01585596203649953,0.7760635981472519
8164,0.725120674975866,0.017980972439965,0.25689835258416904
8165,0.02237109983142052,0.009153514577232272,0.9684753855913473
8166,0.6189161511838066,0.02178364462076668,0.3593002041954267
8167,0.5393751283013042,0.11128220776511231,0.3493426639335836
8168,0.64653756893745,0.010363425108335503,0.3430990059542146
8169,0.8017450233954228,0.016366087686133426,0.1818888889184438
8170,0.5845183325323937,0.09856437818005362,0.31691728928755275
8171,0.03580389648778501,0.015484676632341578,0.9487114268798734
8172,0.02158814575203409,0.012600567497153181,0.9658112867508127
8173,0.7730150873117412,0.01109674866429555,0.2158881640239634
8174,0.9565552587019869,0.006121849471843837,0.03732289182616941
8175,0.9506390719937742,0.008839450892333399,0.04052147711389226
8176,0.6659745040323464,0.01149913620638519,0.3225263597612683
8177,0.11585841280954695,0.02249295094789213,0.861648636242561
8178,0.8027233898182778,0.054415226814322815,0.14286138336739929
8179,0.6006413350562697,0.023043429942021996,0.37631523500170827
8180,0.41455765128895244,0.03454542195188342,0.5508969267591641
8181,0.13609475940383892,0.016405292215096318,0.8474999483810647
8182,0.9649124190347259,0.005704419024903089,0.029383161940371022
8183,0.5018622419625253,0.03600624149991552,0.4621315165375593
8184,0.862134968659295,0.020217078483937764,0.11764795285676731
8185,0.9668770532039243,0.005941623619792691,0.0271813231762831
8186,0.8497467193012582,0.0363093940826512,0.11394388661609049
8187,0.06528332331502221,0.026188699240970087,0.9085279774440077
8188,0.907649015212508,0.010124788634412794,0.08222619615307923
8189,0.18975830751976208,0.16727025673928422,0.6429714357409537
8190,0.08819512693822874,0.6744138595065168,0.2373910135552544
8191,0.9617334571415572,0.006275862984912893,0.03199067987352976
8192,0.9097380807114716,0.012585096890440902,0.07767682239808751
8193,0.9369667032065975,0.009056125654095573,0.053977171139307015
8194,0.8629307383661848,0.07648441079992141,0.060584850833893734
8195,0.9281627894753843,0.008027679535891697,0.06380953098872397
8196,0.9560716621574552,0.005888711011266805,0.0380396268312779
8197,0.7317510920481322,0.018553958684277862,0.24969494926759
8198,0.45682997364418554,0.04845296879529633,0.49471705756051826
8199,0.9587223883085011,0.008403185248584152,0.032874426442914786
8200,0.9694159596251254,0.005303857664967957,0.025280182709906573
8201,0.048914982840204804,0.01252494889805375,0.9385600682617413
8202,0.38883242479059116,0.031492938272105996,0.5796746369373028
8203,0.9242708565525473,0.007850008793720109,0.06787913465373253
8204,0.17076934641724914,0.019040849929470593,0.8101898036532802
8205,0.8808732588233643,0.007789757106346953,0.11133698407028866
8206,0.1725902942179859,0.011162238900957674,0.8162474668810564
8207,0.9683621630731062,0.005103483676840185,0.02653435325005364
8208,0.10088250427895222,0.051510480581713536,0.8476070151393343
8209,0.4238873298769146,0.016087568861785077,0.5600251012613003
8210,0.8950018148715643,0.010105659804614949,0.09489252532382073
8211,0.49601429032959427,0.05988758214215865,0.44409812752824696
8212,0.9360853271918392,0.0067497734534010066,0.057164899354759637
8213,0.9482167566504343,0.007862496066308136,0.043920747283257705
8214,0.029789465805820772,0.019887904274438258,0.950322629919741
8215,0.9582538033765247,0.014116146633269678,0.027630049990205692
8216,0.9533548086376704,0.007115345458411079,0.03952984590391834
8217,0.7121953306695223,0.0426252563541142,0.24517941297636334
8218,0.04422138895995135,0.019158770561248723,0.9366198404787999
8219,0.9467294998308671,0.0106988975129007,0.042571602656232166
8220,0.9136129969163992,0.009194552271359227,0.07719245081224153
8221,0.4937859940220712,0.015531780905444981,0.49068222507248377
8222,0.35610470457492105,0.029799135781128156,0.6140961596439507
8223,0.724710740898001,0.0327902366895207,0.24249902241247823
8224,0.6780771516540341,0.07345182205318246,0.24847102629278325
8225,0.0702885688251846,0.015343402650623292,0.9143680285241921
8226,0.022295452274476706,0.008644151530910757,0.9690603961946125
8227,0.9169444670884169,0.01314064609574688,0.06991488681583623
8228,0.8669556093914474,0.013262121149956008,0.11978226945859649
8229,0.32684742813753176,0.01582976098021694,0.6573228108822513
8230,0.5983603869084957,0.048811206858775165,0.35282840623272904
8231,0.8397209784341425,0.11692892250438718,0.04335009906147027
8232,0.7365092630631669,0.018620109746929955,0.24487062718990318
8233,0.03138965883566756,0.013431335013292184,0.9551790061510403
8234,0.9661649052851152,0.005518306737837585,0.02831678797704722
8235,0.44408446503383386,0.0749877979727289,0.4809277369934372
8236,0.3144173267963225,0.0633659108909078,0.6222167623127697
8237,0.9106172175111676,0.01507830195610452,0.07430448053272777
8238,0.23336309754725396,0.016446302877019533,0.7501905995757265
8239,0.0410016002779678,0.09120046567867626,0.8677979340433558
8240,0.8635139215619038,0.01605631145457948,0.1204297669835168
8241,0.03270763757714192,0.014857722470680807,0.9524346399521771
8242,0.761885858721834,0.016802956952102672,0.22131118432606325
8243,0.6903952346223257,0.12425147221963204,0.18535329315804222
8244,0.9604652476289227,0.0061081072320553955,0.033426645139021785
8245,0.9439956219549802,0.009023836573418108,0.04698054147160157
8246,0.529049776511679,0.018699234256170025,0.452250989232151
8247,0.9626429448547167,0.007094320742946926,0.030262734402336323
8248,0.96641607125119,0.005519139791229043,0.028064788957580907
8249,0.8122502655472702,0.009652705064630538,0.17809702938809918
8250,0.9490006243829869,0.009609696891121487,0.04138967872589162
8251,0.6978187876857657,0.01160780727401027,0.29057340504022405
8252,0.580883996486962,0.011634472961637264,0.40748153055140085
8253,0.9515971953674289,0.0075299356458851776,0.04087286898668581
8254,0.6710028408536308,0.014196901821964049,0.31480025732440514
8255,0.4743082027654169,0.11577480405552061,0.40991699317906244
8256,0.6503838148244877,0.05126877545022743,0.29834740972528495
8257,0.9281984044648335,0.028446253490439073,0.04335534204472732
8258,0.035814069470766555,0.009678822042080024,0.9545071084871534
8259,0.05652537664028163,0.024791439619517016,0.9186831837402013
8260,0.9587478636255702,0.0057726337498860796,0.03547950262454363
8261,0.856711055519138,0.01567830074033102,0.12761064374053108
8262,0.8672311538498776,0.010376576353500358,0.122392269796622
8263,0.9388717004047876,0.01599342307109314,0.04513487652411908
8264,0.8382631665352942,0.011041521038123153,0.15069531242658277
8265,0.763651532851226,0.051161541079279706,0.18518692606949438
8266,0.02026245736137982,0.008762953483279025,0.9709745891553413
8267,0.9465103349586914,0.0072916450885473745,0.04619801995276119
8268,0.8833791869974271,0.013406034231178783,0.10321477877139396
8269,0.9373482154181285,0.007844593580095044,0.05480719100177632
8270,0.5919618219891326,0.05154901824404912,0.3564891597668183
8271,0.9616323804288167,0.007259419406634385,0.031108200164549037
8272,0.9611775938082491,0.005407063260469209,0.03341534293128172
8273,0.9284654706559236,0.018890198950822078,0.05264433039325437
8274,0.8223832541246278,0.019284422572874525,0.15833232330249783
8275,0.09787114091320427,0.030836934244075482,0.8712919248427202
8276,0.3451799903344554,0.013039699981300591,0.6417803096842439
8277,0.9465542396859419,0.007897220271094265,0.045548540042963756
8278,0.8359093992779602,0.013410594405919619,0.1506800063161202
8279,0.7722004526650678,0.015373979302320715,0.21242556803261145
8280,0.021846320654518393,0.021469918513648937,0.9566837608318326
8281,0.5585801848279118,0.040057328353905915,0.4013624868181823
8282,0.9660324539339558,0.005817913029605422,0.028149633036438863
8283,0.8844840038171913,0.014741013689561582,0.10077498249324716
8284,0.9599981735267806,0.007196942357823125,0.03280488411539624
8285,0.04886509777005633,0.01279508105272537,0.9383398211772183
8286,0.9672313277341211,0.006015072524582322,0.02675359974129672
8287,0.7288697590979881,0.012369864713170323,0.2587603761888415
8288,0.9662694769013044,0.005354871251912146,0.028375651846783426
8289,0.45637352030272055,0.014607164080996974,0.5290193156162825
8290,0.21367036490321437,0.017246914960132045,0.7690827201366537
8291,0.3643338446644458,0.009896289709907422,0.6257698656256468
8292,0.8214643415503157,0.01424411545397777,0.16429154299570667
8293,0.8708427908744935,0.008424923384412584,0.12073228574109396
8294,0.9579068050598656,0.00604631638501228,0.03604687855512213
8295,0.9680564489087556,0.005126080555758514,0.026817470535485725
8296,0.7837502206283641,0.04583213313333537,0.17041764623830072
8297,0.9203863940615573,0.01040776306573334,0.06920584287270924
8298,0.9695632576919738,0.005343173096975845,0.025093569211050444
8299,0.9253892938840226,0.017577073344360736,0.05703363277161669
8300,0.7985344887176729,0.008910770467517848,0.1925547408148092
8301,0.7024600359872997,0.017553632814018824,0.27998633119868144
8302,0.10064107877733607,0.03289406638881373,0.8664648548338502
8303,0.7872421579367183,0.03524569201947646,0.1775121500438054
8304,0.022632104553070544,0.012754066164815217,0.9646138292821141
8305,0.9367136380122749,0.009428866747765653,0.053857495239959384
8306,0.9102337095850669,0.010556040507971026,0.07921024990696199
8307,0.03475413578900521,0.008845719358110663,0.9564001448528842
8308,0.7959821678474732,0.007644945008606547,0.19637288714392023
8309,0.07478525356685568,0.01693737972460962,0.9082773667085348
8310,0.8639927828658311,0.015946144253195606,0.12006107288097337
8311,0.9302415042484597,0.009397553275875608,0.060360942475664654
8312,0.9301150139078662,0.01249281178426912,0.05739217430786463
8313,0.9690588822946073,0.005572642952418207,0.025368474752974362
8314,0.967080593114125,0.005214704116134083,0.027704702769740828
8315,0.8788665902751013,0.03971336172182046,0.08142004800307819
8316,0.8835393631863406,0.0248168998314897,0.09164373698216954
8317,0.7208072760622115,0.07028675923698846,0.2089059647008
8318,0.6257192121452202,0.04677009073726407,0.3275106971175158
8319,0.020541327497601163,0.011464321493036429,0.9679943510093625
8320,0.90761494549353,0.006842441572893588,0.08554261293357648
8321,0.6895102134604751,0.0377589543600408,0.27273083217948413
8322,0.3802661569847354,0.030493550522171817,0.5892402924930927
8323,0.020918276406860958,0.009507828702089348,0.9695738948910497
8324,0.0376650051088401,0.01178021891307048,0.9505547759780895
8325,0.9680285916718592,0.005544198470759259,0.026427209857381707
8326,0.9566441565282469,0.006591814798628219,0.03676402867312496
8327,0.9640815814677847,0.007268631036072421,0.028649787496142796
8328,0.031823111375060414,0.009597524952134272,0.9585793636728054
8329,0.959176765520236,0.006404541779713199,0.03441869270005081
8330,0.3604301537347437,0.04375244177169444,0.5958174044935619
8331,0.9129849067627352,0.01619262459789746,0.07082246863936739
8332,0.4417878578956772,0.18212511883993343,0.3760870232643894
8333,0.8193759562640218,0.012288468543747296,0.16833557519223075
8334,0.9125838153576964,0.013643927381005382,0.07377225726129834
8335,0.9589467461704289,0.006745293448311434,0.034307960381259724
8336,0.2892732587490001,0.03172768276062613,0.6789990584903738
8337,0.4581320644009888,0.010533574925520154,0.531334360673491
8338,0.959797912890665,0.0060619078946548,0.03414017921468029
8339,0.4401777947871414,0.039250461568716595,0.5205717436441419
8340,0.948461340923992,0.008663963480464896,0.04287469559554312
8341,0.9488006279487123,0.007548263768217226,0.04365110828307051
8342,0.9665074697567723,0.0055356158980468554,0.02795691434518071
8343,0.637323581669681,0.006365787278082964,0.35631063105223604
8344,0.039115023419618165,0.02731448185412299,0.9335704947262589
8345,0.9655561518232563,0.0055438138934422315,0.028900034283301373
8346,0.7854023130710901,0.014526838555492078,0.20007084837341774
8347,0.5355899336720794,0.1361384502109926,0.32827161611692796
8348,0.28124231230467495,0.027652683000992613,0.6911050046943324
8349,0.9611206460135691,0.006597064748268787,0.03228228923816212
8350,0.6598271585291359,0.0066420935718471815,0.33353074789901704
8351,0.7882508826006572,0.014445015188982441,0.1973041022103603
8352,0.9159455572463517,0.009662763436694565,0.07439167931695359
8353,0.023643859313385984,0.009867241510384688,0.9664888991762293
8354,0.0230078079059662,0.013268657506010889,0.9637235345880231
8355,0.9686604985504612,0.005070826956863036,0.026268674492675708
8356,0.7820878241780788,0.015310052260566233,0.20260212356135499
8357,0.12764622461207387,0.01574272958731177,0.8566110458006144
8358,0.02426936413871232,0.01919988196604466,0.956530753895243
8359,0.9648118855409704,0.0055002219775452145,0.0296878924814843
8360,0.8243476369493118,0.006236849176162863,0.16941551387452533
8361,0.30655612272195837,0.010042409254495337,0.6834014680235463
8362,0.8715405576006764,0.018759916470879188,0.10969952592844423
8363,0.5328601408519907,0.022776082036302547,0.4443637771117066
8364,0.953853570242597,0.008036443485225647,0.03810998627217745
8365,0.6863052575829376,0.016131188122945242,0.2975635542941172
8366,0.6301042841725777,0.013919236606140174,0.3559764792212821
8367,0.8469774340017556,0.015328145247723983,0.13769442075052052
8368,0.9240257380358234,0.01082588899806294,0.06514837296611362
8369,0.5587364254979673,0.01589808186602484,0.42536549263600787
8370,0.8365927215367102,0.01413623401818718,0.14927104444510272
8371,0.8338397652531423,0.0180075935229229,0.14815264122393473
8372,0.0202188090982423,0.008824778831972512,0.9709564120697852
8373,0.036713115761025115,0.01716751182292091,0.946119372416054
8374,0.2589695782354057,0.00966791312331195,0.7313625086412824
8375,0.9693931510220516,0.00517157239941772,0.02543527657853072
8376,0.09697563974881865,0.014543751802282595,0.8884806084488988
8377,0.7227051989619587,0.04217926772883274,0.23511553330920845
8378,0.8727503006830688,0.04823422574769381,0.07901547356923731
8379,0.9589664226113687,0.006421315631191786,0.0346122617574397
8380,0.6933293660217914,0.009079309252657949,0.2975913247255507
8381,0.9412602034884201,0.01803453248291048,0.04070526402866953
8382,0.8112053801982706,0.009141718560022419,0.17965290124170696
8383,0.9372713421339791,0.008685272887650846,0.05404338497837014
8384,0.9478837486087383,0.006184382348100558,0.045931869043161176
8385,0.0628031085208056,0.10139375670301937,0.835803134776175
8386,0.29700827668635366,0.053320870378595474,0.649670852935051
8387,0.9686486464642349,0.005119422069879785,0.026231931465885407
8388,0.7037849030929186,0.02077261037943852,0.2754424865276429
8389,0.5890618856408986,0.08335595442850971,0.32758215993059175
8390,0.03416008363581405,0.01289257632742754,0.9529473400367584
8391,0.7546030108053041,0.008266003958249401,0.2371309852364464
8392,0.8765162763439219,0.017070945663038153,0.10641277799303993
8393,0.9541931199773026,0.008433266638493218,0.03737361338420436
8394,0.6096600078530349,0.04119442305891417,0.349145569088051
8395,0.22524541955243463,0.024104071682612416,0.750650508764953
8396,0.8594373655787311,0.019534513519751166,0.12102812090151777
8397,0.9609123316990495,0.006382755492675139,0.03270491280827529
8398,0.9592086370682845,0.006237769384726342,0.034553593546989
8399,0.9042717514316659,0.01386660895574286,0.08186163961259119
8400,0.022294173307976256,0.009407915496514855,0.9682979111955088
8401,0.4347149247282914,0.18677208944712678,0.3785129858245818
8402,0.19605208601078547,0.04940628966532453,0.75454162432389
8403,0.07624315302718127,0.14752275713803223,0.7762340898347865
8404,0.7668376991626898,0.010700446540537261,0.22246185429677295
8405,0.038053702062121136,0.011954336382157843,0.949991961555721
8406,0.887619870223739,0.011456665220502486,0.10092346455575857
8407,0.9523292860331382,0.007299433492582874,0.04037128047427894
8408,0.8229205488423619,0.015012472657044359,0.1620669785005937
8409,0.040141031366125374,0.010817304434826145,0.9490416641990485
8410,0.46325823182647974,0.18483019326752204,0.3519115749059982
8411,0.9113181364632206,0.010637636274871414,0.07804422726190799
8412,0.029796317494625527,0.022430981833244334,0.9477727006721302
8413,0.020916134639690623,0.010789236663110593,0.9682946286971988
8414,0.9491056991483041,0.006097525610651188,0.0447967752410447
8415,0.9419540681467631,0.011204370136895968,0.04684156171634079
8416,0.9326530127854229,0.009429736148173181,0.057917251066403976
8417,0.5068799486317782,0.014474488082992194,0.47864556328522956
8418,0.8516058688732615,0.015620607104106182,0.13277352402263232
8419,0.037403581523872624,0.021574680648466477,0.9410217378276609
8420,0.707668197749533,0.01488439336777872,0.27744740888268826
8421,0.09409440590986427,0.027402262498380667,0.8785033315917551
8422,0.9611736128097055,0.006155102160505987,0.03267128502978836
8423,0.9316824475463068,0.010903245188136302,0.05741430726555681
8424,0.556565727918515,0.03701883773300659,0.40641543434847843
8425,0.9137705788640297,0.011684028975247918,0.0745453921607224
8426,0.03739220054920239,0.01460770381584858,0.948000095634949
8427,0.4699555017397979,0.15084349235364106,0.37920100590656103
8428,0.9646190060256513,0.0055552979534307795,0.029825696020917846
8429,0.9653777470490285,0.005345310616448343,0.02927694233452329
8430,0.934879862239008,0.016206188364797335,0.04891394939619466
8431,0.12787110977271943,0.012238290758676622,0.859890599468604
8432,0.5076132912013938,0.04277619212291261,0.4496105166756937
8433,0.8617466708105658,0.04346015278278683,0.09479317640664744
8434,0.04240381525185837,0.01908999759525938,0.9385061871528821
8435,0.9630804933029148,0.006974033615749999,0.02994547308133533
8436,0.8359857086145973,0.01433928103822024,0.14967501034718242
8437,0.027658733397683773,0.01060960720474515,0.961731659397571
8438,0.9683119734188672,0.005859217292176259,0.02582880928895646
8439,0.6561224660402476,0.02682289926056228,0.31705463469919004
8440,0.8077485042525638,0.09287067887696257,0.09938081687047369
8441,0.30388529548601784,0.008777867123412776,0.6873368373905694
8442,0.9478445428029904,0.008291824489743305,0.04386363270726629
8443,0.9503644407671851,0.006543986971921,0.04309157226089385
8444,0.9429727740231378,0.010237679464934802,0.04678954651192746
8445,0.9645192332100023,0.007433226948164554,0.02804753984183336
8446,0.706707792063739,0.008161632946278774,0.2851305749899822
8447,0.04546887995707114,0.03801796053854483,0.9165131595043841
8448,0.9347078549877642,0.00852393301245128,0.05676821199978457
8449,0.42952943391239656,0.14723893443016378,0.42323163165743966
8450,0.5759076583905827,0.021846229204955,0.4022461124044623
8451,0.9263182055402817,0.011025302269176796,0.0626564921905415
8452,0.9689334524552891,0.005087355693048437,0.02597919185166266
8453,0.8917538421843121,0.01062676369497804,0.09761939412070983
8454,0.46032973176893954,0.016012939371248546,0.523657328859812
8455,0.2839314672161783,0.011841531939373444,0.7042270008444482
8456,0.5979438795160096,0.018998918919612372,0.383057201564378
8457,0.9153076271419003,0.01414566193602613,0.0705467109220736
8458,0.53246180621924,0.1750057968768645,0.2925323969038955
8459,0.9550728043269313,0.006468608410740594,0.03845858726232802
8460,0.9592528635477321,0.007401682691359075,0.0333454537609088
8461,0.06871265479633729,0.03435741207008665,0.896929933133576
8462,0.9441827826507675,0.0076544573966077535,0.0481627599526248
8463,0.31757100701433494,0.012857006060124609,0.6695719869255404
8464,0.9252700889940535,0.01641141616080463,0.05831849484514199
8465,0.46165713540962505,0.02325193652910904,0.5150909280612659
8466,0.8634419742730323,0.021870329105074818,0.11468769662189283
8467,0.9524461737131332,0.007036538135823671,0.04051728815104301
8468,0.2817628547302412,0.020524700741954834,0.6977124445278039
8469,0.06547066181609917,0.03208070596511267,0.9024486322187882
8470,0.7695780197950297,0.0230584351735613,0.20736354503140897
8471,0.9595919036275058,0.006180815699402769,0.03422728067309134
8472,0.9013866836466911,0.014210970027664532,0.0844023463256445
8473,0.9601892201566194,0.008203504069543536,0.03160727577383706
8474,0.8899094020163533,0.027649144789488767,0.0824414531941579
8475,0.08938324315475972,0.011377270482747327,0.8992394863624928
8476,0.952407009671392,0.006270948027533544,0.04132204230107441
8477,0.6825723919308441,0.08269368153035316,0.23473392653880276
8478,0.8789201693032568,0.01808661801715795,0.10299321267958518
8479,0.9360109821586378,0.0076878368094236305,0.056301181031938534
8480,0.923398933358169,0.009225581247601304,0.06737548539422986
8481,0.9687489565956121,0.005622577254904049,0.025628466149483668
8482,0.41286121486058436,0.024946416902156068,0.5621923682372595
8483,0.05156761643540932,0.020144654227072612,0.928287729337518
8484,0.9295252408059486,0.01021042469437429,0.060264334499677163
8485,0.9672783169950532,0.005432977296470041,0.027288705708476767
8486,0.033950523270530775,0.01008168642909126,0.955967790300378
8487,0.7439533415395916,0.025015830577334298,0.23103082788307408
8488,0.965669662722192,0.0061223526632736,0.028207984614534384
8489,0.6721603687143848,0.03807288769164072,0.2897667435939745
8490,0.11193549314295025,0.012436594118433283,0.8756279127386165
8491,0.09811374905567898,0.015551767249664202,0.8863344836946568
8492,0.9077336858769054,0.027977226288487395,0.0642890878346073
8493,0.6987944370943252,0.011103108639228131,0.2901024542664466
8494,0.8210703378432292,0.02069040442864044,0.15823925772813047
8495,0.9258872243965356,0.017384002303910122,0.05672877329955435
8496,0.9411441727765401,0.009103325991076657,0.04975250123238323
8497,0.963554897811516,0.005501590423500401,0.030943511764983465
8498,0.04567638245301863,0.011109629247895379,0.9432139882990861
8499,0.9488620336299712,0.006035604836264564,0.04510236153376429
8500,0.8452205974971958,0.03487037950793874,0.11990902299486546
8501,0.6941606348816423,0.024932623673433803,0.2809067414449239
8502,0.07679612458113731,0.00827918533170303,0.9149246900871597
8503,0.8623526904033072,0.019769776645359224,0.1178775329513336
8504,0.027084034728500857,0.008776324613756896,0.9641396406577423
8505,0.9602720982262715,0.005653393205475646,0.0340745085682529
8506,0.9674590803146047,0.005140258617885132,0.027400661067510074
8507,0.7855332046204144,0.009232334860904827,0.20523446051868086
8508,0.9161659148615146,0.009587445878577133,0.07424663925990832
8509,0.9560724510889118,0.0065660653834495744,0.03736148352763863
8510,0.6897251629015677,0.1166484596027452,0.19362637749568706
8511,0.9173058900447427,0.01695573486336947,0.06573837509188793
8512,0.03125662595660297,0.009084517834222035,0.959658856209175
8513,0.5951864937845273,0.08360122189859048,0.32121228431688226
8514,0.03129856745738159,0.01011208758407306,0.9585893449585454
8515,0.8116117471661214,0.019028832966254315,0.1693594198676243
8516,0.050203075595209486,0.01545369608057874,0.9343432283242118
8517,0.5961516036677185,0.037130439353891785,0.36671795697838966
8518,0.5458974572902062,0.15458337321271587,0.29951916949707785
8519,0.49549072087900803,0.0215330201987354,0.4829762589222565
8520,0.9611164112031811,0.009867495595194044,0.029016093201624932
8521,0.953973283038147,0.006487535603302275,0.039539181358550786
8522,0.8432709714469431,0.041108889879683044,0.11562013867337384
8523,0.05613136700940017,0.009770600081030235,0.9340980329095695
8524,0.9627009362258049,0.0069044698258291575,0.030394593948365998
