id,Status_C,Status_CL,Status_D
7905,0.45454309086683514,0.012642355156518443,0.5328145539766463
7906,0.569451420019501,0.18545608555905194,0.24509249442144715
7907,0.03422337364746181,0.016078456450379964,0.9496981699021583
7908,0.9413257421060147,0.0077106185202847856,0.05096363937370054
7909,0.8174785349554201,0.03849438259819098,0.14402708244638882
7910,0.9607822104867908,0.00667356507724784,0.0325442244359614
7911,0.9540655344551864,0.0068427085472144425,0.039091756997599404
7912,0.1695978419628079,0.015295238752108614,0.8151069192850836
7913,0.022302511620311855,0.010740128066305386,0.9669573603133826
7914,0.6849961495152419,0.019281860924050362,0.2957219895607077
7915,0.7781330098325939,0.018279907094001995,0.2035870830734041
7916,0.6605668601818674,0.00843322809351644,0.3309999117246162
7917,0.432300166256432,0.15995005511136268,0.4077497786322053
7918,0.9007270328236112,0.013703593192511892,0.08556937398387685
7919,0.5891667056166561,0.07884217580713504,0.33199111857620894
7920,0.9219609373055351,0.012281939527731036,0.06575712316673374
7921,0.904085779607513,0.00978304936845563,0.08613117102403142
7922,0.04953815848591396,0.0105890314800708,0.9398728100340152
7923,0.7834757339559499,0.016226091524127143,0.200298174519923
7924,0.5602598173223683,0.20321099506813398,0.23652918760949776
7925,0.024682535659078297,0.010712055394922114,0.9646054089459997
7926,0.782042896219659,0.015832928878888295,0.20212417490145285
7927,0.8313332891195984,0.011202724376265067,0.15746398650413662
7928,0.04335395262500852,0.015491735311986481,0.9411543120630049
7929,0.8430477664001716,0.0319539630975052,0.12499827050232316
7930,0.07724120418687001,0.14321021985144186,0.779548575961688
7931,0.8665452748056423,0.011871349372446204,0.12158337582191157
7932,0.1486006608052378,0.021514921102477973,0.8298844180922842
7933,0.636386835977404,0.02174527485671059,0.3418678891658854
7934,0.9549933502718522,0.007106175492126347,0.03790047423602159
7935,0.9050366005546564,0.01082363308311775,0.08413976636222589
7936,0.9376999159809255,0.008525545353799225,0.05377453866527531
7937,0.3172026614453501,0.028500448188269148,0.6542968903663807
7938,0.9379414631151196,0.008380151201141687,0.05367838568373862
7939,0.3146041910330866,0.025144077191725362,0.6602517317751879
7940,0.7420313439303123,0.10479626361701355,0.15317239245267408
7941,0.17477087816643555,0.09986737679101393,0.7253617450425505
7942,0.9228619764109518,0.007871414123304082,0.06926660946574426
7943,0.04450043963326934,0.01613506019022116,0.9393645001765094
7944,0.950641164011339,0.007607389221443632,0.0417514467672173
7945,0.9299515595102945,0.008018846089832245,0.062029594399873295
7946,0.7745119694354818,0.018101292233064774,0.20738673833145344
7947,0.8694799955418377,0.011430915276513527,0.11908908918164866
7948,0.15145973893676587,0.013322526183765651,0.8352177348794686
7949,0.07471528014419694,0.0986535064644147,0.8266312133913885
7950,0.9567941574815336,0.006384401124356418,0.036821441394110054
7951,0.41382046086074403,0.17502124019458964,0.4111582989446662
7952,0.25852829451333625,0.12033991913930503,0.6211317863473588
7953,0.0225733189481086,0.01029375727504929,0.967132923776842
7954,0.8933291304881067,0.013609916492160968,0.09306095301973226
7955,0.29528935033978754,0.017036978796970366,0.687673670863242
7956,0.031866462164374325,0.02546132127252794,0.9426722165630977
7957,0.9205979774092213,0.008696152341539391,0.07070587024923923
7958,0.0222913318560658,0.010334095760867015,0.9673745723830672
7959,0.370012559263698,0.04900793917966749,0.5809795015566345
7960,0.17361010088312015,0.023512900520294342,0.8028769985965855
7961,0.9059805056830643,0.011330267632558608,0.08268922668437695
7962,0.17488323459511224,0.011505714395149374,0.8136110510097383
7963,0.15005771402248294,0.03212304420267865,0.8178192417748383
7964,0.022546541899105675,0.010430862557681215,0.9670225955432131
7965,0.9586943381392763,0.0063709696366494465,0.03493469222407409
7966,0.3385065032248704,0.01588276206706691,0.6456107347080626
7967,0.8988183088157764,0.014192360434593014,0.08698933074963058
7968,0.9124021255512382,0.010394930856475247,0.07720294359228662
7969,0.3718529107996466,0.01392723204451707,0.6142198571558363
7970,0.9210251418436728,0.00949130070731564,0.06948355744901162
7971,0.9452984538072247,0.0076009828610448206,0.047100563331730495
7972,0.5325066371278951,0.16659994816778603,0.3008934147043189
7973,0.9154984654823662,0.009930688477591463,0.07457084604004229
7974,0.15231670421591736,0.0733193515721367,0.774363944211946
7975,0.9383830651980986,0.00950400730264656,0.05211292749925484
7976,0.8969851487694738,0.007958436364912934,0.09505641486561331
7977,0.9441033698343301,0.0074737654564822915,0.048422864709187566
7978,0.02831636666922767,0.013138467690358377,0.9585451656404139
7979,0.43482770738938414,0.018090380073356203,0.5470819125372597
7980,0.8853622284765874,0.012034687236483,0.10260308428692957
7981,0.886427749813855,0.015079047747396122,0.09849320243874884
7982,0.8612971826809495,0.016198732208979626,0.12250408511007083
7983,0.7998441297272099,0.025805300883490777,0.1743505693892994
7984,0.06440117005294037,0.015289655449069227,0.9203091744979903
7985,0.4828652172974542,0.02584892685286059,0.49128585584968515
7986,0.08201273009561866,0.021850851565109554,0.8961364183392718
7987,0.44417927998676165,0.011587744049971357,0.544232975963267
7988,0.7243647928951462,0.02117908097532836,0.25445612612952534
7989,0.9225742890249086,0.00897145318225144,0.06845425779283999
7990,0.3799274826751648,0.03037803964381864,0.5896944776810166
7991,0.031787702821802384,0.012894491557977329,0.9553178056202203
7992,0.9539368613439839,0.006878612274511173,0.039184526381504915
7993,0.7779407339129552,0.023172714738649416,0.19888655134839534
7994,0.943084689114863,0.009435182808613,0.04748012807652395
7995,0.7900203095740264,0.014880897727277922,0.1950987926986956
7996,0.04386744544018569,0.02433268879121272,0.9317998657686016
7997,0.8765600982454868,0.013640241507019077,0.10979966024749428
7998,0.021215812005540926,0.01007690347815404,0.9687072845163051
7999,0.021330728175506783,0.010109302352314664,0.9685599694721786
8000,0.7393894636994871,0.06671580530610663,0.19389473099440613
8001,0.841607482266359,0.017432201140601785,0.14096031659303937
8002,0.3709648975156062,0.2825793610393817,0.3464557414450121
8003,0.8454592818686184,0.035529206921744924,0.11901151120963649
8004,0.31683118331734783,0.013675006569104248,0.6694938101135479
8005,0.7857651730953058,0.025343567921991463,0.1888912589827028
8006,0.8797548732542254,0.019022347054492208,0.10122277969128235
8007,0.7219541767192388,0.016814242117289747,0.26123158116347145
8008,0.957297322169924,0.006465969053439466,0.03623670877663653
8009,0.8246126718064002,0.015419386105189616,0.15996794208841025
8010,0.9502415138499378,0.007484665424764199,0.04227382072529806
8011,0.808376753946033,0.026783777182889813,0.16483946887107712
8012,0.7510375949212377,0.017673314257357135,0.2312890908214053
8013,0.07661547392670032,0.023819078167331687,0.8995654479059679
8014,0.9152562010205018,0.012581961038242006,0.07216183794125622
8015,0.9378545552745224,0.008003700068841135,0.05414174465663652
8016,0.9597732504485214,0.006344259065784259,0.033882490485694285
8017,0.5223769476254574,0.012281797463746622,0.46534125491079587
8018,0.6993064610797777,0.02343028342817095,0.27726325549205144
8019,0.9536826152949357,0.0068879435550054284,0.0394294411500588
8020,0.725381028466417,0.024562439903485344,0.25005653163009767
8021,0.05752637338636564,0.017465331720796767,0.9250082948928375
8022,0.06729344714815795,0.03326064215193313,0.899445910699909
8023,0.6765711332951414,0.051506703103936534,0.2719221636009219
8024,0.8246481800076707,0.014569243536518813,0.16078257645581054
8025,0.15330367074186538,0.019378103722975003,0.8273182255351597
8026,0.9601465072992043,0.006162520826333847,0.03369097187446191
8027,0.9527134946509449,0.007036958997240712,0.04024954635181438
8028,0.04946851733125383,0.018036459380669154,0.932495023288077
8029,0.07707392418852256,0.02407735590881283,0.8988487199026646
8030,0.9318675512061269,0.009249177806371236,0.05888327098750185
8031,0.8812461147447743,0.04942400015984636,0.06932988509537928
8032,0.9354931514085345,0.008862797906236812,0.05564405068522872
8033,0.10048695308927041,0.13300194725614753,0.7665110996545821
8034,0.48106382876887105,0.025346925152159503,0.4935892460789695
8035,0.9408250176670011,0.008167555663415474,0.051007426669583356
8036,0.3456908191867971,0.6038822121730912,0.050426968640111675
8037,0.39270341019024546,0.06408710559580845,0.543209484213946
8038,0.668781698621229,0.013505481548660154,0.3177128198301109
8039,0.10282765679184427,0.21459029273664573,0.6825820504715101
8040,0.4416313627564971,0.08978689713889548,0.4685817401046075
8041,0.2649022638359075,0.021160624481932396,0.7139371116821601
8042,0.043508104587728635,0.010636199457088663,0.9458556959551827
8043,0.9314689861462747,0.008128019266430446,0.06040299458729471
8044,0.03567676382288388,0.011235916271840288,0.9530873199052758
8045,0.16413427022926338,0.14904266206994285,0.6868230677007937
8046,0.8532471416853677,0.01166325006914072,0.1350896082454915
8047,0.90985680725438,0.00918227392863099,0.08096091881698905
8048,0.9105779503436244,0.010095808248107196,0.07932624140826823
8049,0.39540478309588994,0.23160553292011363,0.3729896839839963
8050,0.4391123736220453,0.014713642170740667,0.546173984207214
8051,0.028129285355935355,0.012467034682401214,0.9594036799616635
8052,0.9569196978769053,0.008839937036114399,0.03424036508698027
8053,0.043284231914721936,0.02135740699443121,0.9353583610908469
8054,0.7872695736587024,0.013555579168440874,0.19917484717285688
8055,0.5348211582467582,0.050836393737058845,0.4143424480161828
8056,0.9207942137396713,0.012953961528491514,0.06625182473183722
8057,0.9131510321949078,0.008920902730011596,0.07792806507508068
8058,0.7943197023398557,0.03223055969105027,0.17344973796909408
8059,0.7687714590201956,0.015064170936875763,0.21616437004292877
8060,0.09992515681989947,0.12565528331973008,0.7744195598603705
8061,0.26732039827449827,0.06414783455809767,0.668531767167404
8062,0.03845825562228011,0.010529067356016076,0.9510126770217038
8063,0.9559344060259014,0.007273790042811182,0.03679180393128751
8064,0.024564534267626923,0.0210268892051243,0.9544085765272488
8065,0.8129884869651752,0.01082934129921341,0.17618217173561138
8066,0.9456880632003849,0.00838142717520108,0.04593050962441409
8067,0.12622869508291285,0.018633842001318172,0.855137462915769
8068,0.7773552168453284,0.0241798660427103,0.19846491711196138
8069,0.8482548783933639,0.013103457440960998,0.13864166416567508
8070,0.9507620851662206,0.00719408555324067,0.04204382928053875
8071,0.7770083067534247,0.015450692032219488,0.20754100121435587
8072,0.9319558904073106,0.008347727917191738,0.059696381675497484
8073,0.9558413409307148,0.006589228488738031,0.03756943058054715
8074,0.879028874303988,0.012182565631803954,0.10878856006420802
8075,0.9559425829332975,0.007440260851075444,0.03661715621562695
8076,0.9451547929693078,0.00742211950417229,0.04742308752651985
8077,0.05015603637544884,0.10136383300219988,0.8484801306223514
8078,0.19131266871664965,0.023491102428647062,0.7851962288547033
8079,0.8673671135666801,0.014406878602041887,0.11822600783127798
8080,0.9447814649980658,0.009068214351124265,0.04615032065080994
8081,0.9226753242717878,0.00970914889750746,0.06761552683070478
8082,0.8150114099341014,0.025493898957648076,0.15949469110825074
8083,0.2703427395087811,0.10818861050545793,0.621468649985761
8084,0.02243188445989979,0.010275221775183797,0.9672928937649165
8085,0.9428696492578156,0.00816006956591026,0.048970281176274076
8086,0.022098903636243367,0.010011618050221268,0.9678894783135354
8087,0.6904452313228043,0.014888297358182468,0.2946664713190132
8088,0.15158843937540226,0.010954441036584455,0.8374571195880132
8089,0.036920657930625454,0.011834374271175263,0.9512449677981992
8090,0.02381071292118822,0.011186179773206741,0.965003107305605
8091,0.9495212359721861,0.007703558663445212,0.042775205364368706
8092,0.02255234999103651,0.012449102739559858,0.9649985472694036
8093,0.9058914323011874,0.020332105237757213,0.0737764624610554
8094,0.0997372148757474,0.029836832210676848,0.8704259529135757
8095,0.5296396944591543,0.09402556493853235,0.3763347406023132
8096,0.3933772606665242,0.01161531980551332,0.5950074195279625
8097,0.21419758787141938,0.022887092763255307,0.7629153193653254
8098,0.8749848955699566,0.021183461371309553,0.10383164305873395
8099,0.741136374709414,0.01648449273871841,0.24237913255186772
8100,0.026443822266507794,0.010877902263708975,0.9626782754697832
8101,0.4828415798899566,0.01634596940808021,0.5008124507019631
8102,0.7404190429119469,0.03517054328348022,0.22441041380457286
8103,0.4774591627332414,0.09215076148002889,0.43039007578672966
8104,0.5661191940248022,0.09895959685747412,0.33492120911772366
8105,0.02279034175790981,0.010119509040660507,0.9670901492014297
8106,0.9564440811855831,0.006442567419285982,0.03711335139513079
8107,0.02473306270889011,0.012737670483898062,0.9625292668072118
8108,0.9261444813126055,0.009432754884922769,0.06442276380247161
8109,0.7215891876880514,0.010793472091140434,0.2676173402208082
8110,0.9596919254974627,0.006715991034067663,0.03359208346846968
8111,0.5943804040820886,0.15472747714785764,0.2508921187700537
8112,0.7532263948156495,0.014432974529685885,0.23234063065466462
8113,0.023188142294337466,0.011580265756469855,0.9652315919491926
8114,0.037400793742123316,0.015667705508928497,0.9469315007489483
8115,0.9317005273769406,0.009124978379794152,0.05917449424326531
8116,0.7729817149577838,0.04321521645636536,0.183803068585851
8117,0.07513920524026324,0.021185171757839842,0.903675623001897
8118,0.5838867620842637,0.1001580369933077,0.31595520092242857
8119,0.6360699218727616,0.04157511491403421,0.32235496321320417
8120,0.9518694376218735,0.008378443890953638,0.03975211848717275
8121,0.4298049981710304,0.13350313638423986,0.43669186544472977
8122,0.9463011776546532,0.0077456367190005485,0.045953185626346274
8123,0.9583691150493001,0.006331909673856024,0.03529897527684386
8124,0.2962392859016144,0.19133382949048466,0.512426884607901
8125,0.7259338059293666,0.01634783456922089,0.2577183595014125
8126,0.908948392795154,0.010895249833096794,0.0801563573717492
8127,0.23566627673707533,0.015725830457089994,0.7486078928058346
8128,0.5301782245905174,0.03362981893777846,0.4361919564717041
8129,0.9553157661873394,0.008499063458355292,0.03618517035430528
8130,0.5144682740913978,0.023739246715192456,0.4617924791934097
8131,0.02965785027171346,0.012856204428566883,0.9574859452997195
8132,0.8470752580825253,0.049086864219589604,0.10383787769788506
8133,0.9364410980427615,0.010812369129121983,0.05274653282811647
8134,0.667926999687294,0.08105566212449528,0.25101733818821076
8135,0.023458484607623037,0.011035408977917167,0.9655061064144599
8136,0.03231478004408268,0.016438249072722285,0.9512469708831951
8137,0.2129422486121038,0.009475634442066254,0.7775821169458299
8138,0.2216644777204213,0.028454950775301018,0.7498805715042777
8139,0.06381724420054803,0.012368100731877042,0.9238146550675749
8140,0.8329972357072521,0.022356272977766326,0.1446464913149816
8141,0.9503733159775757,0.0071130501367689175,0.04251363388565545
8142,0.8911615995586997,0.06513457930585713,0.04370382113544325
8143,0.9086963679073684,0.04759633955185367,0.04370729254077797
8144,0.2297737184654441,0.03689647624616066,0.7333298052883952
8145,0.9130324261367081,0.010303428300494183,0.07666414556279771
8146,0.8926334116680666,0.015121933840916549,0.09224465449101683
8147,0.5301317892249211,0.029257239139339662,0.4406109716357393
8148,0.9098047764265046,0.009754727760504536,0.08044049581299094
8149,0.9062762624495395,0.02017081223252759,0.07355292531793278
8150,0.949885582996832,0.010578990596509522,0.03953542640665838
8151,0.09225741921446051,0.013031478413272226,0.8947111023722673
8152,0.9384167265874078,0.008730441770873319,0.05285283164171886
8153,0.7878598204543247,0.019855109214329893,0.1922850703313455
8154,0.9421339922724579,0.011441919281280175,0.046424088446262037
8155,0.17674368102497126,0.016735924818549134,0.8065203941564796
8156,0.9593892231282393,0.007180116681040077,0.033430660190720676
8157,0.7330892259004302,0.014846370118124803,0.25206440398144503
8158,0.956527411711849,0.007227503690341468,0.03624508459780954
8159,0.3971518532027348,0.055153142172985566,0.5476950046242797
8160,0.6415834399388662,0.036631938325686404,0.3217846217354475
8161,0.930395802933385,0.01275117544166029,0.05685302162495456
8162,0.10255907249972976,0.6267940755420771,0.2706468519581931
8163,0.2143441604924774,0.016651414766240717,0.7690044247412819
8164,0.7374985082627387,0.020185362185017597,0.24231612955224371
8165,0.024001460972622977,0.01053745762059,0.9654610814067871
8166,0.6087321841294486,0.02527186512255304,0.36599595074799834
8167,0.5012355577214878,0.12112796409862396,0.3776364781798883
8168,0.6423513031807478,0.012710415155620219,0.34493828166363205
8169,0.7936060114681405,0.017706366997416723,0.1886876215344428
8170,0.5786727352445441,0.10265504926913983,0.31867221548631613
8171,0.03838118969389979,0.01666772438695942,0.9449510859191408
8172,0.023260631400619992,0.013772246208640362,0.9629671223907396
8173,0.776151138233501,0.012603647941691873,0.21124521382480707
8174,0.9478985564175738,0.007014953006888324,0.04508649057553783
8175,0.9416048403619857,0.009542968705334007,0.048852190932680346
8176,0.663315823906241,0.014328579199563837,0.32235559689419524
8177,0.11900245417677083,0.022906913251602355,0.8580906325716268
8178,0.7848212182434333,0.050304910102076265,0.16487387165449024
8179,0.5929860208920857,0.02595477188061803,0.38105920722729625
8180,0.3911391833349657,0.037355430895030094,0.5715053857700042
8181,0.13556370303871015,0.01737439138086285,0.8470619055804269
8182,0.9564906870164905,0.006624936564625134,0.036884376418884264
8183,0.4795359613056963,0.03740747780753796,0.48305656088676563
8184,0.8521632831022222,0.020330765526976796,0.12750595137080106
8185,0.9584716405071063,0.006843962895371798,0.034684396597522045
8186,0.8354838507412341,0.034733526177433326,0.12978262308133268
8187,0.07398611690652525,0.02637074390736629,0.8996431391861085
8188,0.9020328054270943,0.010747253273463184,0.08721994129944244
8189,0.20490641116270006,0.14806728339259215,0.6470263054447078
8190,0.056770394308969636,0.7254550200159361,0.2177745856750943
8191,0.953111558870748,0.007304915168471362,0.03958352596078049
8192,0.9013821553560525,0.01289177069028642,0.08572607395366116
8193,0.9277917086547298,0.009730570886402955,0.06247772045886721
8194,0.8725129357810821,0.06236039562841609,0.06512666859050187
8195,0.9208364683433955,0.008684807093622989,0.07047872456298145
8196,0.947687634582608,0.006933347007237151,0.045379018410155035
8197,0.7330156608780708,0.020634622350274832,0.2463497167716544
8198,0.4307333085522146,0.049005082744544876,0.5202616087032406
8199,0.9503621241168573,0.009086977615236892,0.040550898267906005
8200,0.96126847460351,0.006298906400975967,0.03243261899551408
8201,0.05223412702414867,0.013724683340375401,0.9340411896354759
8202,0.3643858071416355,0.03127673976544678,0.6043374530929176
8203,0.918101885899164,0.008907318666759478,0.07299079543407658
8204,0.18262637906837728,0.01938287016645195,0.7979907507651708
8205,0.8816836177044547,0.008755855909811122,0.10956052638573427
8206,0.17244574482147773,0.012292288065179721,0.8152619671133425
8207,0.9600402798451221,0.006164056021914119,0.03379566413296388
8208,0.11785752361729573,0.0480397747376548,0.8341027016450495
8209,0.39446213963474813,0.01817201266461456,0.5873658477006373
8210,0.8887580966505431,0.010645897064105916,0.10059600628535113
8211,0.4856824779070641,0.056000933451140426,0.4583165886417956
8212,0.9290072805696287,0.00765046581518558,0.06334225361518574
8213,0.940624096228124,0.008673161531035038,0.05070274224084109
8214,0.03333700515444296,0.0208956359390027,0.9457673589065543
8215,0.9521909597465059,0.01366425272982215,0.034144787523672004
8216,0.9448607401877884,0.008016393284181541,0.047122866528030105
8217,0.7130491184613387,0.04120350660812027,0.24574737493054116
8218,0.04798298909947837,0.020049338642412276,0.9319676722581094
8219,0.9378883343200218,0.011177403839544752,0.05093426184043332
8220,0.9073043777846858,0.010001806036900918,0.08269381617841336
8221,0.47488296520342704,0.017776752310463974,0.507340282486109
8222,0.33955825650736726,0.031138842497270516,0.6293029009953622
8223,0.718934157375483,0.032781525748207536,0.24828431687630936
8224,0.6769112896973346,0.06930228691524605,0.25378642338741936
8225,0.07243287791349606,0.016244706846741834,0.9113224152397622
8226,0.02347630518428166,0.01000925499801957,0.9665144398176988
8227,0.9073400182233007,0.013058812410738531,0.0796011693659607
8228,0.8603694845475406,0.013941991199113898,0.12568852425334542
8229,0.3050648813352644,0.016859145924907643,0.678075972739828
8230,0.5908828065292657,0.052035440636727034,0.35708175283400717
8231,0.8514116205308521,0.10273270514602337,0.04585567432312459
8232,0.7350753751267247,0.020232831093503607,0.24469179377977168
8233,0.03448928095763743,0.014909443433600782,0.9506012756087617
8234,0.9577588932559141,0.0065285826988135676,0.03571252404527228
8235,0.3957501768187531,0.0701372337758226,0.5341125894054243
8236,0.2977472808552916,0.05697197995649365,0.6452807391882146
8237,0.9052620880999516,0.014562054672729354,0.08017585722731901
8238,0.2352092929438607,0.017257703852087098,0.7475330032040522
8239,0.04323154510279624,0.08711915065594747,0.8696493042412564
8240,0.8623464143411653,0.016315036122199898,0.12133854953663485
8241,0.035579107184262944,0.016198637474555938,0.9482222553411812
8242,0.7706529186945487,0.018894320277259045,0.2104527610281924
8243,0.6560404426684205,0.1311692452589895,0.21279031207258992
8244,0.9515045500917539,0.0070238103443598585,0.04147163956388609
8245,0.935419073965578,0.009475851702862503,0.05510507433155957
8246,0.5159140340674232,0.020665863123597826,0.463420102808979
8247,0.9540442192981956,0.007953892913750486,0.038001887788053974
8248,0.9581066271130424,0.006492403941189137,0.03540096894576856
8249,0.8178801126007443,0.010886647551607244,0.17123323984764846
8250,0.9406167564945654,0.010138819471195108,0.04924442403423943
8251,0.7030515672498943,0.01472527992234291,0.2822231528277628
8252,0.5761022942144026,0.014142842201235102,0.40975486358436225
8253,0.9431088101569858,0.008297317171246257,0.04859387267176819
8254,0.6689169417174359,0.01695686205989083,0.31412619622267335
8255,0.4643487361061591,0.11853469563346519,0.4171165682603758
8256,0.6464181281076624,0.05152972924070226,0.3020521426516354
8257,0.9282007374061831,0.02388916746098649,0.04791009513283039
8258,0.03632485391087789,0.01088713741939046,0.9527880086697317
8259,0.0667157155961316,0.02490656471504931,0.9083777196888192
8260,0.9503296956815532,0.006775903973950254,0.04289440034449648
8261,0.8468729480813507,0.016069795272341376,0.13705725664630808
8262,0.8625278712605953,0.01118816957019471,0.12628395916920998
8263,0.9335336217851476,0.015025345157532831,0.05144103305731939
8264,0.833822106785712,0.012060852794310318,0.1541170404199776
8265,0.7734115539848724,0.046957891703580196,0.17963055431154737
8266,0.021515538188814267,0.010125064358277794,0.9683593974529078
8267,0.9390191384346941,0.008180542550810504,0.05280031901449529
8268,0.8785540201437511,0.014057631231777725,0.10738834862447133
8269,0.9308004558514155,0.008714513508333792,0.06048503064025066
8270,0.5827850450380299,0.05249479199867869,0.3647201629632914
8271,0.9537336287810961,0.008095880489426903,0.03817049072947692
8272,0.9528855207812665,0.006446861067580955,0.040667618151152274
8273,0.9239159093751528,0.01733757695054187,0.05874651367430539
8274,0.8158152804317799,0.01976116916179734,0.16442355040642279
8275,0.09949076293375787,0.029325562071107203,0.8711836749951349
8276,0.3316301313826676,0.015075255899095488,0.6532946127182369
8277,0.9380513843498994,0.00859362688600353,0.053354988764096986
8278,0.8330711205532,0.014347918127026555,0.1525809613197735
8279,0.7735850404074496,0.01728970433457521,0.20912525525797523
8280,0.025869282377519186,0.022875828843054054,0.9512548887794267
8281,0.5474318940903568,0.041549454259705694,0.41101865164993756
8282,0.9575666595646497,0.006742147437288337,0.0356911929980619
8283,0.8724690758016601,0.015006535238645107,0.11252438895969478
8284,0.9514525837769331,0.008040404163558165,0.04050701205950889
8285,0.053787353129481345,0.014074283235230292,0.9321383636352883
8286,0.9587025838372385,0.0069828817591277605,0.03431453440363374
8287,0.7269281935362624,0.014669685797923163,0.25840212066581447
8288,0.9578346111484515,0.006376000675931808,0.03578938817561668
8289,0.4366030090461896,0.0164519329148038,0.5469450580390066
8290,0.2224068933583088,0.017910812751622582,0.7596822938900686
8291,0.3534300801088391,0.012034046644625986,0.6345358732465349
8292,0.8173722006166687,0.015391721894369166,0.16723607748896213
8293,0.8708150129036641,0.009290586219501157,0.1198944008768348
8294,0.9492702773038879,0.007026555844742489,0.04370316685136969
8295,0.959943005715422,0.00613690535700954,0.033920088927568356
8296,0.7632524619196438,0.04525254219411256,0.19149499588624358
8297,0.9124242565473266,0.010851098488557817,0.07672464496411568
8298,0.96140222543155,0.006339740277745547,0.032258034290704396
8299,0.9202187687795031,0.015954055047710226,0.06382717617278673
8300,0.8074730078285003,0.010484855167156049,0.18204213700434355
8301,0.6969878968600756,0.019829979269493536,0.2831821238704309
8302,0.11420714800980879,0.03125380447886086,0.8545390475113304
8303,0.7704154843141809,0.036103335786584145,0.19348117989923483
8304,0.024586607324400857,0.014119829413500056,0.9612935632620991
8305,0.9276689110428857,0.010037137092748219,0.06229395186436598
8306,0.9033419440120047,0.011017110137349065,0.08564094585064612
8307,0.03570722596022442,0.010128357838833752,0.954164416200942
8308,0.80669418180894,0.009242400300286183,0.18406341789077377
8309,0.0814578843828905,0.017895026147860975,0.9006470894692484
8310,0.8608789758418314,0.01640419613333207,0.12271682802483662
8311,0.9211490064192486,0.010077692757828926,0.06877330082292263
8312,0.9222517823262817,0.012976154776423042,0.06477206289729509
8313,0.960995312905234,0.006543333381529083,0.03246135371323686
8314,0.958756683781265,0.006281744993789796,0.034961571224945254
8315,0.8774099973885705,0.03358668138659445,0.0890033212248351
8316,0.8732700131758575,0.02429979575010261,0.1024301910740399
8317,0.7301072482228402,0.06454836411042365,0.20534438766673602
8318,0.6122109560209854,0.05012259257086928,0.3376664514081452
8319,0.022364361122862615,0.012828419168536097,0.9648072197086013
8320,0.9079317356916509,0.007698729659132332,0.08436953464921683
8321,0.6801891488710728,0.0397586902565844,0.2800521608723428
8322,0.3671667789611998,0.031187395824928684,0.6016458252138716
8323,0.022381028781679604,0.010895508529034965,0.9667234626892854
8324,0.03954252912565728,0.013122433442852138,0.9473350374314905
8325,0.9597133447175201,0.006506041690088925,0.033780613592391
8326,0.9481106938156765,0.007528680430028561,0.044360625754294926
8327,0.9556485798455226,0.00813655639793198,0.03621486375654541
8328,0.03402921081856269,0.010992709061301164,0.9549780801201362
8329,0.9502754523483639,0.007268214892543295,0.04245633275909293
8330,0.3367574847913292,0.042414472724579,0.6208280424840918
8331,0.9022334608173787,0.01608212050683988,0.08168441867578133
8332,0.4167889527956918,0.20857359456909313,0.374637452635215
8333,0.812753003963968,0.013340004468614346,0.1739069915674178
8334,0.9038028798373418,0.01381269327988169,0.08238442688277645
8335,0.9499675251659866,0.00769633092923699,0.04233614390477652
8336,0.2808800534830661,0.031488331057318936,0.687631615459615
8337,0.43191189493846605,0.012904936044195152,0.5551831690173388
8338,0.9510901534315065,0.007016338943768308,0.04189350762472528
8339,0.41261743613869545,0.039230507516860844,0.5481520563444437
8340,0.9397647371326722,0.009384078326397162,0.05085118454093085
8341,0.9406345862012512,0.008214955941275403,0.051150457857473415
8342,0.9582309142698648,0.006497261632943547,0.035271824097191644
8343,0.6343019761571058,0.008478972483459538,0.35721905135943455
8344,0.045455465543994406,0.02767335419627381,0.9268711802597318
8345,0.9569441171476877,0.006523563796352832,0.036532319055959425
8346,0.7843515820036714,0.01592468526626985,0.19972373273005864
8347,0.5168375914677792,0.1524540182790397,0.33070839025318105
8348,0.2746766002105011,0.02748534266192184,0.6978380571275771
8349,0.9522890843494365,0.007516442807349312,0.04019447284321409
8350,0.6613336988645657,0.008723868128321629,0.3299424330071126
8351,0.7842422488143422,0.015739303102645957,0.20001844808301183
8352,0.9085355679628273,0.010136074921032728,0.08132835711614
8353,0.02520826506399921,0.011262868996617154,0.9635288659393837
8354,0.02515963977120023,0.014594484958542686,0.9602458752702571
8355,0.9604476189439114,0.006103803862008432,0.03344857719408035
8356,0.7794617303818019,0.016283148918339152,0.20425512069985893
8357,0.1314841514155659,0.016940377423531806,0.8515754711609023
8358,0.026602109930727282,0.02015617602310576,0.953241714046167
8359,0.9563046374880771,0.006546648699739022,0.03714871381218399
8360,0.8326031819252576,0.007550984501165142,0.15984583357357732
8361,0.2875498818853389,0.011711435613805691,0.7007386825008555
8362,0.8664610242373733,0.018609247779263118,0.11492972798336352
8363,0.5118198288012619,0.027298897825774805,0.4608812733729633
8364,0.9455687882281844,0.008605151919332468,0.0458260598524832
8365,0.6817693273260591,0.01874468515280449,0.29948598752113637
8366,0.6150674689808265,0.01729998692549913,0.36763254409367424
8367,0.8374622808555277,0.016139654622039173,0.14639806452243317
8368,0.9169075345987321,0.01136245724141505,0.07173000815985277
8369,0.5316720378608165,0.019371771836510426,0.4489561903026731
8370,0.8307822357685246,0.01494649120233944,0.15427127302913596
8371,0.8281810569564415,0.018423951026600334,0.1533949920169581
8372,0.02146859439026578,0.010181292893062601,0.9683501127166716
8373,0.041510930210833186,0.018278536555546857,0.9402105332336199
8374,0.2509947798552138,0.01138303242363586,0.7376221877211503
8375,0.9612056466716958,0.006195784365564383,0.03259856896273981
8376,0.10603113896859247,0.015868057978785398,0.8781008030526221
8377,0.720968080383036,0.0399976871701287,0.23903423244683542
8378,0.8629911207992219,0.04329570416782299,0.0937131750329551
8379,0.9500576850529024,0.007323761693530895,0.04261855325356679
8380,0.7004848055451017,0.011442059877567513,0.28807313457733075
8381,0.9334401163119036,0.017806219867594526,0.048753663820501704
8382,0.8135579126134813,0.010416435543596166,0.17602565184292243
8383,0.928472348079437,0.009405514122177579,0.0621221377983855
8384,0.9402339390285275,0.007131454412177364,0.05263460655929508
8385,0.07375957257721859,0.09546633776562298,0.8307740896571585
8386,0.2939878822552257,0.0478093087970975,0.6582028089476768
8387,0.9603893773665172,0.006159848359668456,0.03345077427381437
8388,0.7011773555394211,0.023005386312105688,0.27581725814847324
8389,0.5724198238522138,0.0808205872176652,0.34675958893012104
8390,0.03648332236739958,0.01424475362833233,0.9492719240042681
8391,0.7645208182086889,0.010339381516026872,0.2251398002752843
8392,0.8689929873682392,0.017204004716596936,0.11380300791516393
8393,0.9450248532650058,0.009208850896941538,0.0457662958380526
8394,0.6015296006084478,0.041891326812167555,0.3565790725793847
8395,0.23140917235263017,0.024169452884367344,0.7444213747630024
8396,0.8544387006200503,0.019528937027902902,0.12603236235204665
8397,0.9521006324608152,0.007380381903521444,0.040518985635663335
8398,0.9509915694709015,0.007195161407670315,0.04181326912142824
8399,0.8987309628931632,0.013971904971862925,0.08729713213497388
8400,0.02353558745399432,0.010756282279633553,0.9657081302663723
8401,0.39767356072444193,0.23934596179119083,0.3629804774843673
8402,0.2082424591938045,0.044119879320645476,0.74763766148555
8403,0.08320310016993396,0.13630782303466019,0.7804890767954059
8404,0.7753756805598534,0.012657355254059083,0.2119669641860874
8405,0.04095023284717871,0.013479232953122866,0.9455705341996983
8406,0.8802064363512437,0.01210489443986313,0.10768866920889307
8407,0.9433165326193207,0.00822934785730251,0.048454119523376936
8408,0.8126763689786697,0.01602222902087481,0.17130140200045557
8409,0.04246494783945943,0.012291761469971796,0.9452432906905688
8410,0.4333774703861706,0.21862367428033017,0.34799885533349917
8411,0.9043453773222071,0.010989898933746222,0.08466472374404671
8412,0.034529318197618085,0.023607521454236287,0.9418631603481457
8413,0.022378277777929605,0.01213405195101858,0.9654876702710518
8414,0.9416226962435533,0.007081817303146698,0.05129548645330001
8415,0.9333949034662755,0.011595047331884677,0.055010049201839745
8416,0.9241706172326435,0.010035168059715925,0.06579421470764056
8417,0.49234389318530863,0.01741465824058677,0.4902414485741046
8418,0.8443149439311298,0.0163829771691632,0.13930207889970694
8419,0.040168877312292864,0.02237634622498006,0.937454776462727
8420,0.7034334586628012,0.01710557116168604,0.2794609701755128
8421,0.10217392099857632,0.027407171924355045,0.8704189070770686
8422,0.9523568216377676,0.007047049939564286,0.04059612842266824
8423,0.9228380087099658,0.011148301319540675,0.06601368997049345
8424,0.547038980229038,0.03697269324925624,0.4159883265217058
8425,0.9057703201422204,0.01189440429782275,0.08233527555995689
8426,0.039857186878304716,0.01575969426612511,0.9443831188555701
8427,0.4409685494425464,0.17937590188543562,0.37965554867201806
8428,0.9559937212638459,0.006546931050349619,0.03745934768580463
8429,0.9570942866705202,0.006330856210571075,0.03657485711890855
8430,0.9274804811105036,0.015915548935147315,0.05660396995434904
8431,0.126815542762172,0.013510510302842477,0.8596739469349854
8432,0.49436489515938786,0.04188028508802535,0.4637548197525867
8433,0.8583083127355808,0.03708761425934443,0.10460407300507481
8434,0.04364513317145296,0.019496054413717986,0.936858812414829
8435,0.9542393982604546,0.007928536142219875,0.03783206559732552
8436,0.8319206071537337,0.015261662978584592,0.15281772986768152
8437,0.029314309070085504,0.01196601661752457,0.9587196743123899
8438,0.960458227179384,0.0067826983179088635,0.03275907450270721
8439,0.6487412023159774,0.030519971686515372,0.32073882599750725
8440,0.8157426475653382,0.08346413333602516,0.10079321909863664
8441,0.2872929210732739,0.010536328339794175,0.7021707505869319
8442,0.939560927516314,0.008961299532497708,0.0514777729511882
8443,0.9417429024383098,0.007424599505862042,0.05083249805582813
8444,0.9345532186683243,0.010616958864159975,0.054829822467515756
8445,0.9562441462289539,0.0082598263953472,0.03549602737569876
8446,0.7048237664474476,0.010481051079011362,0.28469518247354114
8447,0.0487557000828392,0.037018815381208374,0.9142254845359524
8448,0.9261117838601365,0.009273481312202547,0.06461473482766085
8449,0.41284130618372394,0.14918062128767265,0.4379780725286034
8450,0.5633585092017401,0.024019183204362336,0.41262230759389745
8451,0.917485469968946,0.011287930442867399,0.07122659958818679
8452,0.9606810441489819,0.00612833504761513,0.0331906208034029
8453,0.8882227166404093,0.01106171320677671,0.10071557015281413
8454,0.44824292008890004,0.018281813090316398,0.5334752668207835
8455,0.2691618948679826,0.01318379587284198,0.7176543092591754
8456,0.5843783810025132,0.022463735816173138,0.3931578831813136
8457,0.9063808969248188,0.014190575016916639,0.07942852805826445
8458,0.4925675631090095,0.21957881555539574,0.2878536213355949
8459,0.9465886462616157,0.0073380739902474965,0.04607327974813687
8460,0.9506324532906041,0.008212664688856333,0.041154882020539414
8461,0.07240765564977483,0.03296136860170526,0.8946309757485198
8462,0.9382134752182485,0.008254563972110232,0.053531960809641295
8463,0.29849829487569673,0.01432012226721607,0.6871815828570873
8464,0.9169063106840742,0.016072538005350138,0.0670211513105756
8465,0.4248522667993658,0.025437747883712322,0.549709985316922
8466,0.857997717546295,0.0205855695009509,0.12141671295275408
8467,0.9434417996603498,0.008083413767874055,0.048474786571776174
8468,0.27561121467734245,0.0218171519146212,0.7025716334080364
8469,0.06814649639396443,0.030626140148586427,0.9012273634574491
8470,0.7699413179920962,0.023677885183217364,0.2063807968246865
8471,0.9512463588080097,0.007171704686918502,0.04158193650507184
8472,0.89261187821428,0.014370926206300422,0.09301719557941969
8473,0.9516626278395106,0.008937816132992887,0.03939955602749641
8474,0.8854856013242848,0.02558616155416068,0.08892823712155452
8475,0.08959769524787466,0.012819451943138906,0.8975828528089864
8476,0.9441629013027534,0.007232186224115042,0.04860491247313177
8477,0.6882148152892065,0.07439509506620041,0.23739008964459307
8478,0.8659595684834994,0.017944760366577724,0.11609567114992278
8479,0.9284728570430925,0.00837945716009803,0.06314768579680946
8480,0.9191367700572074,0.009844897993470443,0.07101833194932204
8481,0.9606728954530331,0.006585033476084952,0.03274207107088178
8482,0.38107162678425255,0.026039161068347322,0.5928892121474002
8483,0.05795904130603302,0.02105464003462612,0.9209863186593409
8484,0.9218840280321313,0.010614782860328378,0.06750118910754026
8485,0.9591317501458823,0.00643305699265972,0.03443519286145804
8486,0.0360596419788619,0.011471609116968045,0.95246874890417
8487,0.7460845611877707,0.026500548828861867,0.22741488998336748
8488,0.9571880951594699,0.0070800797219260055,0.035731825118603976
8489,0.6642305211436491,0.04096178302184695,0.29480769583450395
8490,0.11782812681471475,0.01344222910195409,0.8687296440833312
8491,0.10541120219517026,0.016799759510524693,0.877789038294305
8492,0.902105782290999,0.025240768167503983,0.07265344954149704
8493,0.7027794728159532,0.014083555439636863,0.2831369717444099
8494,0.8043862980748194,0.02101473153373069,0.17459897039144986
8495,0.918530157551962,0.016518505678990977,0.06495133676904724
8496,0.9341575508161697,0.009590294067717576,0.056252155116112736
8497,0.9551071886201242,0.006548260082844069,0.03834455129703175
8498,0.04657750428187062,0.012304876787425048,0.9411176189307044
8499,0.9413450128233095,0.006950242454685188,0.051704744722005216
8500,0.83855524513324,0.03227764691677794,0.12916710794998204
8501,0.6813893414045105,0.026797940782271094,0.2918127178132185
8502,0.0748861559932013,0.0096751015590184,0.9154387424477802
8503,0.8542077156916642,0.019862318269986957,0.12592996603834888
8504,0.02818201487158703,0.010116039312762124,0.9617019458156509
8505,0.951867408120445,0.006635840722624967,0.04149675115693
8506,0.959196483629287,0.006188787335911544,0.034614729034801624
8507,0.7942745074764399,0.010733707569566885,0.19499178495399316
8508,0.9089980231437659,0.010299494754581032,0.08070248210165305
8509,0.9471787503413803,0.007425510478426148,0.045395739180193524
8510,0.654816160848504,0.12130952592945556,0.2238743132220405
8511,0.9100753994775661,0.015996378896090995,0.073928221626343
8512,0.0327934600124569,0.010495635799641752,0.9567109041879014
8513,0.5796611349865065,0.07840375601251101,0.3419351090009825
8514,0.03266804152395093,0.011448324410707767,0.9558836340653413
8515,0.8038558647459777,0.020403888555175075,0.17574024669884725
8516,0.053527271742239896,0.016766486168028585,0.9297062420897314
8517,0.5811912562006804,0.04214851285982593,0.37666023093949375
8518,0.54146461042561,0.16295800356431367,0.2955773860100763
8519,0.4723949583668504,0.02367037487754056,0.503934666755609
8520,0.9536265590940118,0.010156731352680658,0.036216709553307504
8521,0.9451485123873151,0.007355425863964254,0.04749606174872062
8522,0.8337557987025653,0.03815835237362179,0.1280858489238129
8523,0.05729013704765468,0.011049041272937309,0.9316608216794081
8524,0.9540499911517821,0.007763025653431485,0.0381869831947866
